156789955
156789956
156789957
156789958
156789959
156789960
156789961
156789962
156789963
156789964
156789965
156789966
156789967
156789968
156789969
156789970
156789971
156789972
156789973
156789974
156789975
156789976
156789977
156789978
156789979
156789980
156789981
156789982
156789983
156789984
156789985
156789986
156789987
156789988
156789989
156789990
156789991
156789992
156789993
156789994
156789995
156789996
156789997
156789998
156789999
156790000
156790001
156790002
156790003
156790004
156790005
156790006
156790007
156790008
156790009
156790010
156790011
156790012
156790013
156790014
156790015
156790016
156790017
156790018
156790019
156790020
156790021
156790022
156790023
156790024
156790025
156790026
156790027
156790028
156790029
156790030
156790031
156790032
156790033
156790034
156790035
156790036